	'1 1.0 1.0 1.0 1.0 1.0 1.0 1.0 1.0 1.0 1.0 1.0 1.0 1.0 1.0 1.0 1.0 1.0 1.0 1.0 1.0 1.0 1.0 1.0 1.0 1.0 1.0 1.0 1.0 1.0 1.0 1.0', 
	'1 1.52 1.52 1.52 1.52 1.52 1.52 1.52 1.52 1.52 1.52 1.52 1.52 1.52 1.52 1.52 1.52 1.52 1.52 1.52 1.52 1.52 1.52 1.52 1.52 1.52 1.52 1.52 1.52 1.52 1.52 1.52', 
	'1 2.03 2.03 2.03 2.03 2.03 2.03 2.03 2.03 2.03 2.03 2.03 2.03 2.03 2.03 2.03 2.03 2.03 2.03 2.03 2.03 2.03 2.03 2.03 2.03 2.03 2.03 2.03 2.03 2.03 2.03 2.03', 
	'1 2.55 2.55 2.55 2.55 2.55 2.55 2.55 2.55 2.55 2.55 2.55 2.55 2.55 2.55 2.55 2.55 2.55 2.55 2.55 2.55 2.55 2.55 2.55 2.55 2.55 2.55 2.55 2.55 2.55 2.55 2.55', 
	'1 3.06 3.06 3.06 3.06 3.06 3.06 3.06 3.06 3.06 3.06 3.06 3.06 3.06 3.06 3.06 3.06 3.06 3.06 3.06 3.06 3.06 3.06 3.06 3.06 3.06 3.06 3.06 3.06 3.06 3.06 3.06', 
	'1 3.58 3.58 3.58 3.58 3.58 3.58 3.58 3.58 3.58 3.58 3.58 3.58 3.58 3.58 3.58 3.58 3.58 3.58 3.58 3.58 3.58 3.58 3.58 3.58 3.58 3.58 3.58 3.58 3.58 3.58 3.58', 
	'1 4.1 4.1 4.1 4.1 4.1 4.1 4.1 4.1 4.1 4.1 4.1 4.1 4.1 4.1 4.1 4.1 4.1 4.1 4.1 4.1 4.1 4.1 4.1 4.1 4.1 4.1 4.1 4.1 4.1 4.1 4.1', 
	'1 4.61 4.61 4.61 4.61 4.61 4.61 4.61 4.61 4.61 4.61 4.61 4.61 4.61 4.61 4.61 4.61 4.61 4.61 4.61 4.61 4.61 4.61 4.61 4.61 4.61 4.61 4.61 4.61 4.61 4.61 4.61', 
	'1 5.13 5.13 5.13 5.13 5.13 5.13 5.13 5.13 5.13 5.13 5.13 5.13 5.13 5.13 5.13 5.13 5.13 5.13 5.13 5.13 5.13 5.13 5.13 5.13 5.13 5.13 5.13 5.13 5.13 5.13 5.13', 
	'1 5.65 5.65 5.65 5.65 5.65 5.65 5.65 5.65 5.65 5.65 5.65 5.65 5.65 5.65 5.65 5.65 5.65 5.65 5.65 5.65 5.65 5.65 5.65 5.65 5.65 5.65 5.65 5.65 5.65 5.65 5.65', 
	'1 6.16 6.16 6.16 6.16 6.16 6.16 6.16 6.16 6.16 6.16 6.16 6.16 6.16 6.16 6.16 6.16 6.16 6.16 6.16 6.16 6.16 6.16 6.16 6.16 6.16 6.16 6.16 6.16 6.16 6.16 6.16', 
	'1 6.68 6.68 6.68 6.68 6.68 6.68 6.68 6.68 6.68 6.68 6.68 6.68 6.68 6.68 6.68 6.68 6.68 6.68 6.68 6.68 6.68 6.68 6.68 6.68 6.68 6.68 6.68 6.68 6.68 6.68 6.68', 
	'1 7.19 7.19 7.19 7.19 7.19 7.19 7.19 7.19 7.19 7.19 7.19 7.19 7.19 7.19 7.19 7.19 7.19 7.19 7.19 7.19 7.19 7.19 7.19 7.19 7.19 7.19 7.19 7.19 7.19 7.19 7.19', 
	'1 7.71 7.71 7.71 7.71 7.71 7.71 7.71 7.71 7.71 7.71 7.71 7.71 7.71 7.71 7.71 7.71 7.71 7.71 7.71 7.71 7.71 7.71 7.71 7.71 7.71 7.71 7.71 7.71 7.71 7.71 7.71', 
	'1 8.23 8.23 8.23 8.23 8.23 8.23 8.23 8.23 8.23 8.23 8.23 8.23 8.23 8.23 8.23 8.23 8.23 8.23 8.23 8.23 8.23 8.23 8.23 8.23 8.23 8.23 8.23 8.23 8.23 8.23 8.23', 
	'1 8.74 8.74 8.74 8.74 8.74 8.74 8.74 8.74 8.74 8.74 8.74 8.74 8.74 8.74 8.74 8.74 8.74 8.74 8.74 8.74 8.74 8.74 8.74 8.74 8.74 8.74 8.74 8.74 8.74 8.74 8.74', 
	'1 9.26 9.26 9.26 9.26 9.26 9.26 9.26 9.26 9.26 9.26 9.26 9.26 9.26 9.26 9.26 9.26 9.26 9.26 9.26 9.26 9.26 9.26 9.26 9.26 9.26 9.26 9.26 9.26 9.26 9.26 9.26', 
	'1 9.77 9.77 9.77 9.77 9.77 9.77 9.77 9.77 9.77 9.77 9.77 9.77 9.77 9.77 9.77 9.77 9.77 9.77 9.77 9.77 9.77 9.77 9.77 9.77 9.77 9.77 9.77 9.77 9.77 9.77 9.77', 
	'1 10.29 10.29 10.29 10.29 10.29 10.29 10.29 10.29 10.29 10.29 10.29 10.29 10.29 10.29 10.29 10.29 10.29 10.29 10.29 10.29 10.29 10.29 10.29 10.29 10.29 10.29 10.29 10.29 10.29 10.29 10.29', 
	'1 10.81 10.81 10.81 10.81 10.81 10.81 10.81 10.81 10.81 10.81 10.81 10.81 10.81 10.81 10.81 10.81 10.81 10.81 10.81 10.81 10.81 10.81 10.81 10.81 10.81 10.81 10.81 10.81 10.81 10.81 10.81', 
	'1 11.32 11.32 11.32 11.32 11.32 11.32 11.32 11.32 11.32 11.32 11.32 11.32 11.32 11.32 11.32 11.32 11.32 11.32 11.32 11.32 11.32 11.32 11.32 11.32 11.32 11.32 11.32 11.32 11.32 11.32 11.32', 
	'1 11.84 11.84 11.84 11.84 11.84 11.84 11.84 11.84 11.84 11.84 11.84 11.84 11.84 11.84 11.84 11.84 11.84 11.84 11.84 11.84 11.84 11.84 11.84 11.84 11.84 11.84 11.84 11.84 11.84 11.84 11.84', 
	'1 12.35 12.35 12.35 12.35 12.35 12.35 12.35 12.35 12.35 12.35 12.35 12.35 12.35 12.35 12.35 12.35 12.35 12.35 12.35 12.35 12.35 12.35 12.35 12.35 12.35 12.35 12.35 12.35 12.35 12.35 12.35', 
	'1 12.87 12.87 12.87 12.87 12.87 12.87 12.87 12.87 12.87 12.87 12.87 12.87 12.87 12.87 12.87 12.87 12.87 12.87 12.87 12.87 12.87 12.87 12.87 12.87 12.87 12.87 12.87 12.87 12.87 12.87 12.87', 
	'1 13.39 13.39 13.39 13.39 13.39 13.39 13.39 13.39 13.39 13.39 13.39 13.39 13.39 13.39 13.39 13.39 13.39 13.39 13.39 13.39 13.39 13.39 13.39 13.39 13.39 13.39 13.39 13.39 13.39 13.39 13.39', 
	'1 13.9 13.9 13.9 13.9 13.9 13.9 13.9 13.9 13.9 13.9 13.9 13.9 13.9 13.9 13.9 13.9 13.9 13.9 13.9 13.9 13.9 13.9 13.9 13.9 13.9 13.9 13.9 13.9 13.9 13.9 13.9', 
	'1 14.42 14.42 14.42 14.42 14.42 14.42 14.42 14.42 14.42 14.42 14.42 14.42 14.42 14.42 14.42 14.42 14.42 14.42 14.42 14.42 14.42 14.42 14.42 14.42 14.42 14.42 14.42 14.42 14.42 14.42 14.42', 
	'1 14.94 14.94 14.94 14.94 14.94 14.94 14.94 14.94 14.94 14.94 14.94 14.94 14.94 14.94 14.94 14.94 14.94 14.94 14.94 14.94 14.94 14.94 14.94 14.94 14.94 14.94 14.94 14.94 14.94 14.94 14.94', 
	'1 15.45 15.45 15.45 15.45 15.45 15.45 15.45 15.45 15.45 15.45 15.45 15.45 15.45 15.45 15.45 15.45 15.45 15.45 15.45 15.45 15.45 15.45 15.45 15.45 15.45 15.45 15.45 15.45 15.45 15.45 15.45', 
	'1 15.97 15.97 15.97 15.97 15.97 15.97 15.97 15.97 15.97 15.97 15.97 15.97 15.97 15.97 15.97 15.97 15.97 15.97 15.97 15.97 15.97 15.97 15.97 15.97 15.97 15.97 15.97 15.97 15.97 15.97 15.97', 
	'1 16.48 16.48 16.48 16.48 16.48 16.48 16.48 16.48 16.48 16.48 16.48 16.48 16.48 16.48 16.48 16.48 16.48 16.48 16.48 16.48 16.48 16.48 16.48 16.48 16.48 16.48 16.48 16.48 16.48 16.48 16.48', 
	'1 17.0 17.0 17.0 17.0 17.0 17.0 17.0 17.0 17.0 17.0 17.0 17.0 17.0 17.0 17.0 17.0 17.0 17.0 17.0 17.0 17.0 17.0 17.0 17.0 17.0 17.0 17.0 17.0 17.0 17.0 17.0', 
	'1 17.52 17.52 17.52 17.52 17.52 17.52 17.52 17.52 17.52 17.52 17.52 17.52 17.52 17.52 17.52 17.52 17.52 17.52 17.52 17.52 17.52 17.52 17.52 17.52 17.52 17.52 17.52 17.52 17.52 17.52 17.52', 
	'1 18.03 18.03 18.03 18.03 18.03 18.03 18.03 18.03 18.03 18.03 18.03 18.03 18.03 18.03 18.03 18.03 18.03 18.03 18.03 18.03 18.03 18.03 18.03 18.03 18.03 18.03 18.03 18.03 18.03 18.03 18.03', 
	'1 18.55 18.55 18.55 18.55 18.55 18.55 18.55 18.55 18.55 18.55 18.55 18.55 18.55 18.55 18.55 18.55 18.55 18.55 18.55 18.55 18.55 18.55 18.55 18.55 18.55 18.55 18.55 18.55 18.55 18.55 18.55', 
	'1 19.06 19.06 19.06 19.06 19.06 19.06 19.06 19.06 19.06 19.06 19.06 19.06 19.06 19.06 19.06 19.06 19.06 19.06 19.06 19.06 19.06 19.06 19.06 19.06 19.06 19.06 19.06 19.06 19.06 19.06 19.06', 
	'1 19.58 19.58 19.58 19.58 19.58 19.58 19.58 19.58 19.58 19.58 19.58 19.58 19.58 19.58 19.58 19.58 19.58 19.58 19.58 19.58 19.58 19.58 19.58 19.58 19.58 19.58 19.58 19.58 19.58 19.58 19.58', 
	'1 20.1 20.1 20.1 20.1 20.1 20.1 20.1 20.1 20.1 20.1 20.1 20.1 20.1 20.1 20.1 20.1 20.1 20.1 20.1 20.1 20.1 20.1 20.1 20.1 20.1 20.1 20.1 20.1 20.1 20.1 20.1', 
	'1 20.61 20.61 20.61 20.61 20.61 20.61 20.61 20.61 20.61 20.61 20.61 20.61 20.61 20.61 20.61 20.61 20.61 20.61 20.61 20.61 20.61 20.61 20.61 20.61 20.61 20.61 20.61 20.61 20.61 20.61 20.61', 
	'1 21.13 21.13 21.13 21.13 21.13 21.13 21.13 21.13 21.13 21.13 21.13 21.13 21.13 21.13 21.13 21.13 21.13 21.13 21.13 21.13 21.13 21.13 21.13 21.13 21.13 21.13 21.13 21.13 21.13 21.13 21.13', 
	'1 21.65 21.65 21.65 21.65 21.65 21.65 21.65 21.65 21.65 21.65 21.65 21.65 21.65 21.65 21.65 21.65 21.65 21.65 21.65 21.65 21.65 21.65 21.65 21.65 21.65 21.65 21.65 21.65 21.65 21.65 21.65', 
	'1 22.16 22.16 22.16 22.16 22.16 22.16 22.16 22.16 22.16 22.16 22.16 22.16 22.16 22.16 22.16 22.16 22.16 22.16 22.16 22.16 22.16 22.16 22.16 22.16 22.16 22.16 22.16 22.16 22.16 22.16 22.16', 
	'1 22.68 22.68 22.68 22.68 22.68 22.68 22.68 22.68 22.68 22.68 22.68 22.68 22.68 22.68 22.68 22.68 22.68 22.68 22.68 22.68 22.68 22.68 22.68 22.68 22.68 22.68 22.68 22.68 22.68 22.68 22.68', 
	'1 23.19 23.19 23.19 23.19 23.19 23.19 23.19 23.19 23.19 23.19 23.19 23.19 23.19 23.19 23.19 23.19 23.19 23.19 23.19 23.19 23.19 23.19 23.19 23.19 23.19 23.19 23.19 23.19 23.19 23.19 23.19', 
	'1 23.71 23.71 23.71 23.71 23.71 23.71 23.71 23.71 23.71 23.71 23.71 23.71 23.71 23.71 23.71 23.71 23.71 23.71 23.71 23.71 23.71 23.71 23.71 23.71 23.71 23.71 23.71 23.71 23.71 23.71 23.71', 
	'1 24.23 24.23 24.23 24.23 24.23 24.23 24.23 24.23 24.23 24.23 24.23 24.23 24.23 24.23 24.23 24.23 24.23 24.23 24.23 24.23 24.23 24.23 24.23 24.23 24.23 24.23 24.23 24.23 24.23 24.23 24.23', 
	'1 24.74 24.74 24.74 24.74 24.74 24.74 24.74 24.74 24.74 24.74 24.74 24.74 24.74 24.74 24.74 24.74 24.74 24.74 24.74 24.74 24.74 24.74 24.74 24.74 24.74 24.74 24.74 24.74 24.74 24.74 24.74', 
	'1 25.26 25.26 25.26 25.26 25.26 25.26 25.26 25.26 25.26 25.26 25.26 25.26 25.26 25.26 25.26 25.26 25.26 25.26 25.26 25.26 25.26 25.26 25.26 25.26 25.26 25.26 25.26 25.26 25.26 25.26 25.26', 
	'1 25.77 25.77 25.77 25.77 25.77 25.77 25.77 25.77 25.77 25.77 25.77 25.77 25.77 25.77 25.77 25.77 25.77 25.77 25.77 25.77 25.77 25.77 25.77 25.77 25.77 25.77 25.77 25.77 25.77 25.77 25.77', 
	'1 26.29 26.29 26.29 26.29 26.29 26.29 26.29 26.29 26.29 26.29 26.29 26.29 26.29 26.29 26.29 26.29 26.29 26.29 26.29 26.29 26.29 26.29 26.29 26.29 26.29 26.29 26.29 26.29 26.29 26.29 26.29', 
