	'38 9 50 18 27 48 36 19 24 21 11 17 15 6 18 17 24 24 21 38 8 44 44 9 30 19 26 25 7 15 29 31', 
	'37 36 22 44 36 47 30 50 22 47 28 48 13 40 15 6 36 9 20 21 19 19 19 12 5 7 6 24 41 44 41 11', 
	'18 41 50 11 21 3 48 29 17 23 50 6 2 28 29 31 24 42 38 12 21 50 33 45 21 41 48 46 33 27 32 44', 
	'1 35 8 3 44 32 27 24 32 49 45 44 41 14 12 14 44 50 5 14 49 4 33 49 22 26 42 33 20 3 35 10', 
	'4 41 11 40 28 27 11 42 28 29 36 20 2 7 1 23 46 23 45 50 23 47 14 29 19 40 35 30 45 46 4 20', 
	'30 26 10 15 5 45 44 20 21 17 11 34 36 8 36 6 33 21 15 23 29 42 26 49 18 13 34 35 22 25 44 31', 
	'43 13 49 31 8 30 44 18 14 17 49 39 41 22 43 15 25 23 22 29 9 33 5 17 17 41 49 48 37 13 9 16', 
	'3 44 31 24 34 32 47 23 10 31 6 24 40 8 7 30 9 44 2 6 10 39 33 38 28 8 16 6 18 11 8 22', 
	'37 6 29 29 21 43 19 4 48 24 36 14 29 35 8 26 2 41 31 39 3 3 11 49 1 31 5 47 21 21 13 3', 
	'2 50 47 7 44 5 36 6 44 36 17 10 37 9 35 24 45 41 11 2 22 28 27 28 35 41 2 42 41 36 4 5', 
