	'6 17 39 85 11 87 37 4 27 42 73 50 86 17 55 6 34 40 91 29 92 99 2 93 8 28 23 53 62 12 48 44', 
	'18 30 31 73 36 64 34 82 8 44 78 75 82 51 1 87 50 7 71 88 74 1 85 25 100 16 91 19 38 91 22 17', 
	'89 40 17 88 15 64 24 17 38 17 59 21 20 54 22 19 69 66 62 36 3 42 37 10 28 55 64 90 63 77 4 8', 
	'72 52 56 35 88 51 47 71 80 32 67 97 70 15 48 79 52 10 46 98 91 86 57 16 42 27 41 33 14 4 52 35', 
	'36 52 80 85 36 35 98 26 5 56 81 77 57 19 17 97 44 65 24 33 4 93 74 68 49 74 9 49 69 88 26 67', 
	'71 1 75 33 67 85 43 100 95 39 5 51 14 86 10 95 48 60 53 54 58 74 25 70 33 28 30 34 42 30 34 82', 
	'6 14 44 32 99 14 38 73 48 26 82 15 45 43 25 77 30 42 72 88 80 42 42 7 17 39 29 96 45 17 45 47', 
	'70 94 71 80 62 3 32 81 78 42 26 31 99 8 57 54 83 89 49 27 14 67 35 89 82 96 13 50 2 86 21 4', 
	'94 98 51 52 72 68 67 37 17 13 57 78 76 85 46 71 90 98 89 97 48 2 89 11 60 97 84 45 54 93 15 39', 
	'50 78 82 81 76 56 19 6 51 26 44 73 17 34 72 77 99 86 91 44 44 23 16 53 28 49 64 64 41 43 51 54', 
